training:
 loss: 0.0066089551979086085 MSE: 0.006608955096453428 RMSE: 0.08129548281431198 R2: 0.5856946432249907 MAE: 0.06313484907150269 Person: 0.7743468071440414 p_value: 0.0 C_INDEX: 0.7908849449892957 SD: 0.07992163365777989
validation:
 loss: 0.009148620367050171 MSE: 0.009148621000349522 RMSE: 0.09564842283725739 R2: 0.5230319510644358 MAE: 0.07600659132003784 Person: 0.7252028964407395 p_value: 6.1905358931655415e-164 C_INDEX: 0.7666668004398463 SD: 0.09540619542968418
test:
 loss: 0.010533924966022887 MSE: 0.010533925145864487 RMSE: 0.10263491421937943 R2: 0.5101578730642213 MAE: 0.08226752281188965 Person: 0.7344480464222933 p_value: 2.095998146796059e-50 C_INDEX: 0.7689713725396408 SD: 0.09969480166670144

test105:
 loss: 0.010565997305370512 MSE: 0.010565996170043945 RMSE: 0.10279103368520737 
R2: 0.26592694802774053 MAE: 0.08556117862462997 Person: 0.627451412918382 
p_value: 7.93077023275001e-13 C_INDEX: 0.7218245227606461 SD: 0.09386615709746512
test71:
 loss: 0.006555321350903578 MSE: 0.006555322092026472 RMSE: 0.08096494525671005 
R2: 0.2108403628456964 MAE: 0.06764523684978485 Person: 0.4787853185737183
 p_value: 2.4043071843813844e-05 C_INDEX: 0.6544206701655229 SD: 0.08058526152889992
